#columns	nrsva_book_index	nrsva_chapter	nrsva_verse	orig_book_index	orig_chapter	orig_verse	orig_subverse	orig_is_null
01O	31	55	01O	32	1		0
01O	32	1	01O	32	2		0
01O	32	2	01O	32	3		0
01O	32	3	01O	32	4		0
01O	32	4	01O	32	5		0
01O	32	5	01O	32	6		0
01O	32	6	01O	32	7		0
01O	32	7	01O	32	8		0
01O	32	8	01O	32	9		0
01O	32	9	01O	32	10		0
01O	32	10	01O	32	11		0
01O	32	11	01O	32	12		0
01O	32	12	01O	32	13		0
01O	32	13	01O	32	14		0
01O	32	14	01O	32	15		0
01O	32	15	01O	32	16		0
01O	32	16	01O	32	17		0
01O	32	17	01O	32	18		0
01O	32	18	01O	32	19		0
01O	32	19	01O	32	20		0
01O	32	20	01O	32	21		0
01O	32	21	01O	32	22		0
01O	32	22	01O	32	23		0
01O	32	23	01O	32	24		0
01O	32	24	01O	32	25		0
01O	32	25	01O	32	26		0
01O	32	26	01O	32	27		0
01O	32	27	01O	32	28		0
01O	32	28	01O	32	29		0
01O	32	29	01O	32	30		0
01O	32	30	01O	32	31		0
01O	32	31	01O	32	32		0
01O	32	32	01O	32	33		0
02O	8	1	02O	7	26		0
02O	8	2	02O	7	27		0
02O	8	3	02O	7	28		0
02O	8	4	02O	7	29		0
02O	8	5	02O	8	1		0
02O	8	6	02O	8	2		0
02O	8	7	02O	8	3		0
02O	8	8	02O	8	4		0
02O	8	9	02O	8	5		0
02O	8	10	02O	8	6		0
02O	8	11	02O	8	7		0
02O	8	12	02O	8	8		0
02O	8	13	02O	8	9		0
02O	8	14	02O	8	10		0
02O	8	15	02O	8	11		0
02O	8	16	02O	8	12		0
02O	8	17	02O	8	13		0
02O	8	18	02O	8	14		0
02O	8	19	02O	8	15		0
02O	8	20	02O	8	16		0
02O	8	21	02O	8	17		0
02O	8	22	02O	8	18		0
02O	8	23	02O	8	19		0
02O	8	24	02O	8	20		0
02O	8	25	02O	8	21		0
02O	8	26	02O	8	22		0
02O	8	27	02O	8	23		0
02O	8	28	02O	8	24		0
02O	8	29	02O	8	25		0
02O	8	30	02O	8	26		0
02O	8	31	02O	8	27		0
02O	8	32	02O	8	28		0
02O	22	1	02O	21	37		0
02O	22	2	02O	22	1		0
02O	22	3	02O	22	2		0
02O	22	4	02O	22	3		0
02O	22	5	02O	22	4		0
02O	22	6	02O	22	5		0
02O	22	7	02O	22	6		0
02O	22	8	02O	22	7		0
02O	22	9	02O	22	8		0
02O	22	10	02O	22	9		0
02O	22	11	02O	22	10		0
02O	22	12	02O	22	11		0
02O	22	13	02O	22	12		0
02O	22	14	02O	22	13		0
02O	22	15	02O	22	14		0
02O	22	16	02O	22	15		0
02O	22	17	02O	22	16		0
02O	22	18	02O	22	17		0
02O	22	19	02O	22	18		0
02O	22	20	02O	22	19		0
02O	22	21	02O	22	20		0
02O	22	22	02O	22	21		0
02O	22	23	02O	22	22		0
02O	22	24	02O	22	23		0
02O	22	25	02O	22	24		0
02O	22	26	02O	22	25		0
02O	22	27	02O	22	26		0
02O	22	28	02O	22	27		0
02O	22	29	02O	22	28		0
02O	22	30	02O	22	29		0
02O	22	31	02O	22	30		0
03O	6	1	03O	5	20		0
03O	6	2	03O	5	21		0
03O	6	3	03O	5	22		0
03O	6	4	03O	5	23		0
03O	6	5	03O	5	24		0
03O	6	6	03O	5	25		0
03O	6	7	03O	5	26		0
03O	6	8	03O	6	1		0
03O	6	9	03O	6	2		0
03O	6	10	03O	6	3		0
03O	6	11	03O	6	4		0
03O	6	12	03O	6	5		0
03O	6	13	03O	6	6		0
03O	6	14	03O	6	7		0
03O	6	15	03O	6	8		0
03O	6	16	03O	6	9		0
03O	6	17	03O	6	10		0
03O	6	18	03O	6	11		0
03O	6	19	03O	6	12		0
03O	6	20	03O	6	13		0
03O	6	21	03O	6	14		0
03O	6	22	03O	6	15		0
03O	6	23	03O	6	16		0
03O	6	24	03O	6	17		0
03O	6	25	03O	6	18		0
03O	6	26	03O	6	19		0
03O	6	27	03O	6	20		0
03O	6	28	03O	6	21		0
03O	6	29	03O	6	22		0
03O	6	30	03O	6	23		0
04O	16	36	04O	17	1		0
04O	16	37	04O	17	2		0
04O	16	38	04O	17	3		0
04O	16	39	04O	17	4		0
04O	16	40	04O	17	5		0
04O	16	41	04O	17	6		0
04O	16	42	04O	17	7		0
04O	16	43	04O	17	8		0
04O	16	44	04O	17	9		0
04O	16	45	04O	17	10		0
04O	16	46	04O	17	11		0
04O	16	47	04O	17	12		0
04O	16	48	04O	17	13		0
04O	16	49	04O	17	14		0
04O	16	50	04O	17	15		0
04O	17	1	04O	17	16		0
04O	17	2	04O	17	17		0
04O	17	3	04O	17	18		0
04O	17	4	04O	17	19		0
04O	17	5	04O	17	20		0
04O	17	6	04O	17	21		0
04O	17	7	04O	17	22		0
04O	17	8	04O	17	23		0
04O	17	9	04O	17	24		0
04O	17	10	04O	17	25		0
04O	17	11	04O	17	26		0
04O	17	12	04O	17	27		0
04O	17	13	04O	17	28		0
04O	26	1	04O	25	19		0
04O	26	1	04O	26	1		0
04O	29	40	04O	30	1		0
04O	30	1	04O	30	2		0
04O	30	2	04O	30	3		0
04O	30	3	04O	30	4		0
04O	30	4	04O	30	5		0
04O	30	5	04O	30	6		0
04O	30	6	04O	30	7		0
04O	30	7	04O	30	8		0
04O	30	8	04O	30	9		0
04O	30	9	04O	30	10		0
04O	30	10	04O	30	11		0
04O	30	11	04O	30	12		0
04O	30	12	04O	30	13		0
04O	30	13	04O	30	14		0
04O	30	14	04O	30	15		0
04O	30	15	04O	30	16		0
04O	30	16	04O	30	17		0
05O	12	32	05O	13	1		0
05O	13	1	05O	13	2		0
05O	13	2	05O	13	3		0
05O	13	3	05O	13	4		0
05O	13	4	05O	13	5		0
05O	13	5	05O	13	6		0
05O	13	6	05O	13	7		0
05O	13	7	05O	13	8		0
05O	13	8	05O	13	9		0
05O	13	9	05O	13	10		0
05O	13	10	05O	13	11		0
05O	13	11	05O	13	12		0
05O	13	12	05O	13	13		0
05O	13	13	05O	13	14		0
05O	13	14	05O	13	15		0
05O	13	15	05O	13	16		0
05O	13	16	05O	13	17		0
05O	13	17	05O	13	18		0
05O	13	18	05O	13	19		0
05O	22	30	05O	23	1		0
05O	23	1	05O	23	2		0
05O	23	2	05O	23	3		0
05O	23	3	05O	23	4		0
05O	23	4	05O	23	5		0
05O	23	5	05O	23	6		0
05O	23	6	05O	23	7		0
05O	23	7	05O	23	8		0
05O	23	8	05O	23	9		0
05O	23	9	05O	23	10		0
05O	23	10	05O	23	11		0
05O	23	11	05O	23	12		0
05O	23	12	05O	23	13		0
05O	23	13	05O	23	14		0
05O	23	14	05O	23	15		0
05O	23	15	05O	23	16		0
05O	23	16	05O	23	17		0
05O	23	17	05O	23	18		0
05O	23	18	05O	23	19		0
05O	23	19	05O	23	20		0
05O	23	20	05O	23	21		0
05O	23	21	05O	23	22		0
05O	23	22	05O	23	23		0
05O	23	23	05O	23	24		0
05O	23	24	05O	23	25		0
05O	23	25	05O	23	26		0
05O	29	1	05O	28	69		0
05O	29	2	05O	29	1		0
05O	29	3	05O	29	2		0
05O	29	4	05O	29	3		0
05O	29	5	05O	29	4		0
05O	29	6	05O	29	5		0
05O	29	7	05O	29	6		0
05O	29	8	05O	29	7		0
05O	29	9	05O	29	8		0
05O	29	10	05O	29	9		0
05O	29	11	05O	29	10		0
05O	29	12	05O	29	11		0
05O	29	13	05O	29	12		0
05O	29	14	05O	29	13		0
05O	29	15	05O	29	14		0
05O	29	16	05O	29	15		0
05O	29	17	05O	29	16		0
05O	29	18	05O	29	17		0
05O	29	19	05O	29	18		0
05O	29	20	05O	29	19		0
05O	29	21	05O	29	20		0
05O	29	22	05O	29	21		0
05O	29	23	05O	29	22		0
05O	29	24	05O	29	23		0
05O	29	25	05O	29	24		0
05O	29	26	05O	29	25		0
05O	29	27	05O	29	26		0
05O	29	28	05O	29	27		0
05O	29	29	05O	29	28		0
06O	14	7	06O	14	7		0
06O	14	8	06O	14	7		0
06O	14	9	06O	14	8		0
06O	14	10	06O	14	9		0
06O	14	11	06O	14	10		0
06O	14	12	06O	14	11		0
06O	14	13	06O	14	12		0
06O	14	14	06O	14	13		0
06O	14	15	06O	14	14		0
09O	20	42	09O	20	42		0
09O	20	42	09O	21	1		0
09O	21	1	09O	21	2		0
09O	21	2	09O	21	3		0
09O	21	3	09O	21	4		0
09O	21	4	09O	21	5		0
09O	21	5	09O	21	6		0
09O	21	6	09O	21	7		0
09O	21	7	09O	21	8		0
09O	21	8	09O	21	9		0
09O	21	9	09O	21	10		0
09O	21	10	09O	21	11		0
09O	21	11	09O	21	12		0
09O	21	12	09O	21	13		0
09O	21	13	09O	21	14		0
09O	21	14	09O	21	15		0
09O	21	15	09O	21	16		0
09O	23	29	09O	24	1		0
09O	24	1	09O	24	2		0
09O	24	2	09O	24	3		0
09O	24	3	09O	24	4		0
09O	24	4	09O	24	5		0
09O	24	5	09O	24	6		0
09O	24	6	09O	24	7		0
09O	24	7	09O	24	8		0
09O	24	8	09O	24	9		0
09O	24	9	09O	24	10		0
09O	24	10	09O	24	11		0
09O	24	11	09O	24	12		0
09O	24	12	09O	24	13		0
09O	24	13	09O	24	14		0
09O	24	14	09O	24	15		0
09O	24	15	09O	24	16		0
09O	24	16	09O	24	17		0
09O	24	17	09O	24	18		0
09O	24	18	09O	24	19		0
09O	24	19	09O	24	20		0
09O	24	20	09O	24	21		0
09O	24	21	09O	24	22		0
09O	24	22	09O	24	23		0
10O	18	33	10O	19	1		0
10O	19	1	10O	19	2		0
10O	19	2	10O	19	3		0
10O	19	3	10O	19	4		0
10O	19	4	10O	19	5		0
10O	19	5	10O	19	6		0
10O	19	6	10O	19	7		0
10O	19	7	10O	19	8		0
10O	19	8	10O	19	9		0
10O	19	9	10O	19	10		0
10O	19	10	10O	19	11		0
10O	19	11	10O	19	12		0
10O	19	12	10O	19	13		0
10O	19	13	10O	19	14		0
10O	19	14	10O	19	15		0
10O	19	15	10O	19	16		0
10O	19	16	10O	19	17		0
10O	19	17	10O	19	18		0
10O	19	18	10O	19	19		0
10O	19	19	10O	19	20		0
10O	19	20	10O	19	21		0
10O	19	21	10O	19	22		0
10O	19	22	10O	19	23		0
10O	19	23	10O	19	24		0
10O	19	24	10O	19	25		0
10O	19	25	10O	19	26		0
10O	19	26	10O	19	27		0
10O	19	27	10O	19	28		0
10O	19	28	10O	19	29		0
10O	19	29	10O	19	30		0
10O	19	30	10O	19	31		0
10O	19	31	10O	19	32		0
10O	19	32	10O	19	33		0
10O	19	33	10O	19	34		0
10O	19	34	10O	19	35		0
10O	19	35	10O	19	36		0
10O	19	36	10O	19	37		0
10O	19	37	10O	19	38		0
10O	19	38	10O	19	39		0
10O	19	39	10O	19	40		0
10O	19	40	10O	19	41		0
10O	19	41	10O	19	42		0
10O	19	42	10O	19	43		0
10O	19	43	10O	19	44		0
11O	4	21	11O	5	1		0
11O	4	22	11O	5	2		0
11O	4	23	11O	5	3		0
11O	4	24	11O	5	4		0
11O	4	25	11O	5	5		0
11O	4	26	11O	5	6		0
11O	4	27	11O	5	7		0
11O	4	28	11O	5	8		0
11O	4	29	11O	5	9		0
11O	4	30	11O	5	10		0
11O	4	31	11O	5	11		0
11O	4	32	11O	5	12		0
11O	4	33	11O	5	13		0
11O	4	34	11O	5	14		0
11O	5	1	11O	5	15		0
11O	5	2	11O	5	16		0
11O	5	3	11O	5	17		0
11O	5	4	11O	5	18		0
11O	5	5	11O	5	19		0
11O	5	6	11O	5	20		0
11O	5	7	11O	5	21		0
11O	5	8	11O	5	22		0
11O	5	9	11O	5	23		0
11O	5	10	11O	5	24		0
11O	5	11	11O	5	25		0
11O	5	12	11O	5	26		0
11O	5	13	11O	5	27		0
11O	5	14	11O	5	28		0
11O	5	15	11O	5	29		0
11O	5	16	11O	5	30		0
11O	5	17	11O	5	31		0
11O	5	18	11O	5	32		0
11O	18	33	11O	18	33		0
11O	18	33	11O	18	34		0
11O	18	34	11O	18	34		0
11O	20	2	11O	20	2		0
11O	20	2	11O	20	3		0
11O	20	3	11O	20	3		0
11O	22	43	11O	22	43		0
11O	22	43	11O	22	44		0
11O	22	44	11O	22	45		0
11O	22	45	11O	22	46		0
11O	22	46	11O	22	47		0
11O	22	47	11O	22	48		0
11O	22	48	11O	22	49		0
11O	22	49	11O	22	50		0
11O	22	50	11O	22	51		0
11O	22	51	11O	22	52		0
11O	22	52	11O	22	53		0
11O	22	53	11O	22	54		0
12O	11	21	12O	12	1		0
12O	12	1	12O	12	2		0
12O	12	2	12O	12	3		0
12O	12	3	12O	12	4		0
12O	12	4	12O	12	5		0
12O	12	5	12O	12	6		0
12O	12	6	12O	12	7		0
12O	12	7	12O	12	8		0
12O	12	8	12O	12	9		0
12O	12	9	12O	12	10		0
12O	12	10	12O	12	11		0
12O	12	11	12O	12	12		0
12O	12	12	12O	12	13		0
12O	12	13	12O	12	14		0
12O	12	14	12O	12	15		0
12O	12	15	12O	12	16		0
12O	12	16	12O	12	17		0
12O	12	17	12O	12	18		0
12O	12	18	12O	12	19		0
12O	12	19	12O	12	20		0
12O	12	20	12O	12	21		0
12O	12	21	12O	12	22		0
13O	6	1	13O	5	27		0
13O	6	2	13O	5	28		0
13O	6	3	13O	5	29		0
13O	6	4	13O	5	30		0
13O	6	5	13O	5	31		0
13O	6	6	13O	5	32		0
13O	6	7	13O	5	33		0
13O	6	8	13O	5	34		0
13O	6	9	13O	5	35		0
13O	6	10	13O	5	36		0
13O	6	11	13O	5	37		0
13O	6	12	13O	5	38		0
13O	6	13	13O	5	39		0
13O	6	14	13O	5	40		0
13O	6	15	13O	5	41		0
13O	6	16	13O	6	1		0
13O	6	17	13O	6	2		0
13O	6	18	13O	6	3		0
13O	6	19	13O	6	4		0
13O	6	20	13O	6	5		0
13O	6	21	13O	6	6		0
13O	6	22	13O	6	7		0
13O	6	23	13O	6	8		0
13O	6	24	13O	6	9		0
13O	6	25	13O	6	10		0
13O	6	26	13O	6	11		0
13O	6	27	13O	6	12		0
13O	6	28	13O	6	13		0
13O	6	29	13O	6	14		0
13O	6	30	13O	6	15		0
13O	6	31	13O	6	16		0
13O	6	32	13O	6	17		0
13O	6	33	13O	6	18		0
13O	6	34	13O	6	19		0
13O	6	35	13O	6	20		0
13O	6	36	13O	6	21		0
13O	6	37	13O	6	22		0
13O	6	38	13O	6	23		0
13O	6	39	13O	6	24		0
13O	6	40	13O	6	25		0
13O	6	41	13O	6	26		0
13O	6	42	13O	6	27		0
13O	6	43	13O	6	28		0
13O	6	44	13O	6	29		0
13O	6	45	13O	6	30		0
13O	6	46	13O	6	31		0
13O	6	47	13O	6	32		0
13O	6	48	13O	6	33		0
13O	6	49	13O	6	34		0
13O	6	50	13O	6	35		0
13O	6	51	13O	6	36		0
13O	6	52	13O	6	37		0
13O	6	53	13O	6	38		0
13O	6	54	13O	6	39		0
13O	6	55	13O	6	40		0
13O	6	56	13O	6	41		0
13O	6	57	13O	6	42		0
13O	6	58	13O	6	43		0
13O	6	59	13O	6	44		0
13O	6	60	13O	6	45		0
13O	6	61	13O	6	46		0
13O	6	62	13O	6	47		0
13O	6	63	13O	6	48		0
13O	6	64	13O	6	49		0
13O	6	65	13O	6	50		0
13O	6	66	13O	6	51		0
13O	6	67	13O	6	52		0
13O	6	68	13O	6	53		0
13O	6	69	13O	6	54		0
13O	6	70	13O	6	55		0
13O	6	71	13O	6	56		0
13O	6	72	13O	6	57		0
13O	6	73	13O	6	58		0
13O	6	74	13O	6	59		0
13O	6	75	13O	6	60		0
13O	6	76	13O	6	61		0
13O	6	77	13O	6	62		0
13O	6	78	13O	6	63		0
13O	6	79	13O	6	64		0
13O	6	80	13O	6	65		0
13O	6	81	13O	6	66		0
13O	12	4	13O	12	4		0
13O	12	4	13O	12	5		0
13O	12	5	13O	12	6		0
13O	12	6	13O	12	7		0
13O	12	7	13O	12	8		0
13O	12	8	13O	12	9		0
13O	12	9	13O	12	10		0
13O	12	10	13O	12	11		0
13O	12	11	13O	12	12		0
13O	12	12	13O	12	13		0
13O	12	13	13O	12	14		0
13O	12	14	13O	12	15		0
13O	12	15	13O	12	16		0
13O	12	16	13O	12	17		0
13O	12	17	13O	12	18		0
13O	12	18	13O	12	19		0
13O	12	19	13O	12	20		0
13O	12	20	13O	12	21		0
13O	12	21	13O	12	22		0
13O	12	22	13O	12	23		0
13O	12	23	13O	12	24		0
13O	12	24	13O	12	25		0
13O	12	25	13O	12	26		0
13O	12	26	13O	12	27		0
13O	12	27	13O	12	28		0
13O	12	28	13O	12	29		0
13O	12	29	13O	12	30		0
13O	12	30	13O	12	31		0
13O	12	31	13O	12	32		0
13O	12	32	13O	12	33		0
13O	12	33	13O	12	34		0
13O	12	34	13O	12	35		0
13O	12	35	13O	12	36		0
13O	12	36	13O	12	37		0
13O	12	37	13O	12	38		0
13O	12	38	13O	12	39		0
13O	12	39	13O	12	40		0
13O	12	40	13O	12	41		0
14O	2	1	14O	1	18		0
14O	2	2	14O	2	1		0
14O	2	3	14O	2	2		0
14O	2	4	14O	2	3		0
14O	2	5	14O	2	4		0
14O	2	6	14O	2	5		0
14O	2	7	14O	2	6		0
14O	2	8	14O	2	7		0
14O	2	9	14O	2	8		0
14O	2	10	14O	2	9		0
14O	2	11	14O	2	10		0
14O	2	12	14O	2	11		0
14O	2	13	14O	2	12		0
14O	2	14	14O	2	13		0
14O	2	15	14O	2	14		0
14O	2	16	14O	2	15		0
14O	2	17	14O	2	16		0
14O	2	18	14O	2	17		0
14O	14	1	14O	13	23		0
14O	14	2	14O	14	1		0
14O	14	3	14O	14	2		0
14O	14	4	14O	14	3		0
14O	14	5	14O	14	4		0
14O	14	6	14O	14	5		0
14O	14	7	14O	14	6		0
14O	14	8	14O	14	7		0
14O	14	9	14O	14	8		0
14O	14	10	14O	14	9		0
14O	14	11	14O	14	10		0
14O	14	12	14O	14	11		0
14O	14	13	14O	14	12		0
14O	14	14	14O	14	13		0
14O	14	15	14O	14	14		0
16O	4	1	16O	3	33		0
16O	4	2	16O	3	34		0
16O	4	3	16O	3	35		0
16O	4	4	16O	3	36		0
16O	4	5	16O	3	37		0
16O	4	6	16O	3	38		0
16O	4	7	16O	4	1		0
16O	4	8	16O	4	2		0
16O	4	9	16O	4	3		0
16O	4	10	16O	4	4		0
16O	4	11	16O	4	5		0
16O	4	12	16O	4	6		0
16O	4	13	16O	4	7		0
16O	4	14	16O	4	8		0
16O	4	15	16O	4	9		0
16O	4	16	16O	4	10		0
16O	4	17	16O	4	11		0
16O	4	18	16O	4	12		0
16O	4	19	16O	4	13		0
16O	4	20	16O	4	14		0
16O	4	21	16O	4	15		0
16O	4	22	16O	4	16		0
16O	4	23	16O	4	17		0
16O	7	68	16O	7			1
16O	7	69	16O	7	68		0
16O	7	70	16O	7	69		0
16O	7	71	16O	7	70		0
16O	7	72	16O	7	71		0
16O	7	73	16O	7	72		0
16O	9	38	16O	10	1		0
16O	10	1	16O	10	2		0
16O	10	2	16O	10	3		0
16O	10	3	16O	10	4		0
16O	10	4	16O	10	5		0
16O	10	5	16O	10	6		0
16O	10	6	16O	10	7		0
16O	10	7	16O	10	8		0
16O	10	8	16O	10	9		0
16O	10	9	16O	10	10		0
16O	10	10	16O	10	11		0
16O	10	11	16O	10	12		0
16O	10	12	16O	10	13		0
16O	10	13	16O	10	14		0
16O	10	14	16O	10	15		0
16O	10	15	16O	10	16		0
16O	10	16	16O	10	17		0
16O	10	17	16O	10	18		0
16O	10	18	16O	10	19		0
16O	10	19	16O	10	20		0
16O	10	20	16O	10	21		0
16O	10	21	16O	10	22		0
16O	10	22	16O	10	23		0
16O	10	23	16O	10	24		0
16O	10	24	16O	10	25		0
16O	10	25	16O	10	26		0
16O	10	26	16O	10	27		0
16O	10	27	16O	10	28		0
16O	10	28	16O	10	29		0
16O	10	29	16O	10	30		0
16O	10	30	16O	10	31		0
16O	10	31	16O	10	32		0
16O	10	32	16O	10	33		0
16O	10	33	16O	10	34		0
16O	10	34	16O	10	35		0
16O	10	35	16O	10	36		0
16O	10	36	16O	10	37		0
16O	10	37	16O	10	38		0
16O	10	38	16O	10	39		0
16O	10	39	16O	10	40		0
18O	41	1	18O	40	25		0
18O	41	2	18O	40	26		0
18O	41	3	18O	40	27		0
18O	41	4	18O	40	28		0
18O	41	5	18O	40	29		0
18O	41	6	18O	40	30		0
18O	41	7	18O	40	31		0
18O	41	8	18O	40	32		0
18O	41	9	18O	41	1		0
18O	41	10	18O	41	2		0
18O	41	11	18O	41	3		0
18O	41	12	18O	41	4		0
18O	41	13	18O	41	5		0
18O	41	14	18O	41	6		0
18O	41	15	18O	41	7		0
18O	41	16	18O	41	8		0
18O	41	17	18O	41	9		0
18O	41	18	18O	41	10		0
18O	41	19	18O	41	11		0
18O	41	20	18O	41	12		0
18O	41	21	18O	41	13		0
18O	41	22	18O	41	14		0
18O	41	23	18O	41	15		0
18O	41	24	18O	41	16		0
18O	41	25	18O	41	17		0
18O	41	26	18O	41	18		0
18O	41	27	18O	41	19		0
18O	41	28	18O	41	20		0
18O	41	29	18O	41	21		0
18O	41	30	18O	41	22		0
18O	41	31	18O	41	23		0
18O	41	32	18O	41	24		0
18O	41	33	18O	41	25		0
18O	41	34	18O	41	26		0
19O	3	1	19O	3	1		0
19O	3	1	19O	3	2		0
19O	3	2	19O	3	3		0
19O	3	3	19O	3	4		0
19O	3	4	19O	3	5		0
19O	3	5	19O	3	6		0
19O	3	6	19O	3	7		0
19O	3	7	19O	3	8		0
19O	3	8	19O	3	9		0
19O	4	1	19O	4	1		0
19O	4	1	19O	4	2		0
19O	4	2	19O	4	3		0
19O	4	3	19O	4	4		0
19O	4	4	19O	4	5		0
19O	4	5	19O	4	6		0
19O	4	6	19O	4	7		0
19O	4	7	19O	4	8		0
19O	4	8	19O	4	9		0
19O	5	1	19O	5	1		0
19O	5	1	19O	5	2		0
19O	5	2	19O	5	3		0
19O	5	3	19O	5	4		0
19O	5	4	19O	5	5		0
19O	5	5	19O	5	6		0
19O	5	6	19O	5	7		0
19O	5	7	19O	5	8		0
19O	5	8	19O	5	9		0
19O	5	9	19O	5	10		0
19O	5	10	19O	5	11		0
19O	5	11	19O	5	12		0
19O	5	12	19O	5	13		0
19O	6	1	19O	6	1		0
19O	6	1	19O	6	2		0
19O	6	2	19O	6	3		0
19O	6	3	19O	6	4		0
19O	6	4	19O	6	5		0
19O	6	5	19O	6	6		0
19O	6	6	19O	6	7		0
19O	6	7	19O	6	8		0
19O	6	8	19O	6	9		0
19O	6	9	19O	6	10		0
19O	6	10	19O	6	11		0
19O	7	1	19O	7	1		0
19O	7	1	19O	7	2		0
19O	7	2	19O	7	3		0
19O	7	3	19O	7	4		0
19O	7	4	19O	7	5		0
19O	7	5	19O	7	6		0
19O	7	6	19O	7	7		0
19O	7	7	19O	7	8		0
19O	7	8	19O	7	9		0
19O	7	9	19O	7	10		0
19O	7	10	19O	7	11		0
19O	7	11	19O	7	12		0
19O	7	12	19O	7	13		0
19O	7	13	19O	7	14		0
19O	7	14	19O	7	15		0
19O	7	15	19O	7	16		0
19O	7	16	19O	7	17		0
19O	7	17	19O	7	18		0
19O	8	1	19O	8	1		0
19O	8	1	19O	8	2		0
19O	8	2	19O	8	3		0
19O	8	3	19O	8	4		0
19O	8	4	19O	8	5		0
19O	8	5	19O	8	6		0
19O	8	6	19O	8	7		0
19O	8	7	19O	8	8		0
19O	8	8	19O	8	9		0
19O	8	9	19O	8	10		0
19O	9	1	19O	9	1		0
19O	9	1	19O	9	2		0
19O	9	2	19O	9	3		0
19O	9	3	19O	9	4		0
19O	9	4	19O	9	5		0
19O	9	5	19O	9	6		0
19O	9	6	19O	9	7		0
19O	9	7	19O	9	8		0
19O	9	8	19O	9	9		0
19O	9	9	19O	9	10		0
19O	9	10	19O	9	11		0
19O	9	11	19O	9	12		0
19O	9	12	19O	9	13		0
19O	9	13	19O	9	14		0
19O	9	14	19O	9	15		0
19O	9	15	19O	9	16		0
19O	9	16	19O	9	17		0
19O	9	17	19O	9	18		0
19O	9	18	19O	9	19		0
19O	9	19	19O	9	20		0
19O	9	20	19O	9	21		0
19O	12	1	19O	12	1		0
19O	12	1	19O	12	2		0
19O	12	2	19O	12	3		0
19O	12	3	19O	12	4		0
19O	12	4	19O	12	5		0
19O	12	5	19O	12	6		0
19O	12	6	19O	12	7		0
19O	12	7	19O	12	8		0
19O	12	8	19O	12	9		0
19O	13	1	19O	13	1		0
19O	13	1	19O	13	2		0
19O	13	2	19O	13	3		0
19O	13	3	19O	13	4		0
19O	13	4	19O	13	5		0
19O	13	5	19O	13	6		0
19O	13	6	19O	13	6		0
19O	18	1	19O	18	2		0
19O	18	1	19O	18	1		0
19O	18	1	19O	18	2		0
19O	18	2	19O	18	3		0
19O	18	3	19O	18	4		0
19O	18	4	19O	18	5		0
19O	18	5	19O	18	6		0
19O	18	6	19O	18	7		0
19O	18	7	19O	18	8		0
19O	18	8	19O	18	9		0
19O	18	9	19O	18	10		0
19O	18	10	19O	18	11		0
19O	18	11	19O	18	12		0
19O	18	12	19O	18	13		0
19O	18	13	19O	18	14		0
19O	18	14	19O	18	15		0
19O	18	15	19O	18	16		0
19O	18	16	19O	18	17		0
19O	18	17	19O	18	18		0
19O	18	18	19O	18	19		0
19O	18	19	19O	18	20		0
19O	18	20	19O	18	21		0
19O	18	21	19O	18	22		0
19O	18	22	19O	18	23		0
19O	18	23	19O	18	24		0
19O	18	24	19O	18	25		0
19O	18	25	19O	18	26		0
19O	18	26	19O	18	27		0
19O	18	27	19O	18	28		0
19O	18	28	19O	18	29		0
19O	18	29	19O	18	30		0
19O	18	30	19O	18	31		0
19O	18	31	19O	18	32		0
19O	18	32	19O	18	33		0
19O	18	33	19O	18	34		0
19O	18	34	19O	18	35		0
19O	18	35	19O	18	36		0
19O	18	36	19O	18	37		0
19O	18	37	19O	18	38		0
19O	18	38	19O	18	39		0
19O	18	39	19O	18	40		0
19O	18	40	19O	18	41		0
19O	18	40	19O	18	51		0
19O	18	41	19O	18	42		0
19O	18	42	19O	18	43		0
19O	18	43	19O	18	44		0
19O	18	44	19O	18	45		0
19O	18	45	19O	18	46		0
19O	18	46	19O	18	47		0
19O	18	47	19O	18	48		0
19O	18	48	19O	18	49		0
19O	18	49	19O	18	50		0
19O	18	50	19O	18	51		0
19O	19	1	19O	19	1		0
19O	19	1	19O	19	2		0
19O	19	2	19O	19	3		0
19O	19	3	19O	19	4		0
19O	19	4	19O	19	5		0
19O	19	5	19O	19	6		0
19O	19	6	19O	19	7		0
19O	19	7	19O	19	8		0
19O	19	8	19O	19	9		0
19O	19	9	19O	19	10		0
19O	19	10	19O	19	11		0
19O	19	11	19O	19	12		0
19O	19	12	19O	19	13		0
19O	19	13	19O	19	14		0
19O	19	14	19O	19	15		0
19O	20	1	19O	20	1		0
19O	20	1	19O	20	2		0
19O	20	2	19O	20	3		0
19O	20	3	19O	20	4		0
19O	20	4	19O	20	5		0
19O	20	5	19O	20	6		0
19O	20	6	19O	20	7		0
19O	20	7	19O	20	8		0
19O	20	8	19O	20	9		0
19O	20	9	19O	20	10		0
19O	21	1	19O	21	1		0
19O	21	1	19O	21	2		0
19O	21	2	19O	21	3		0
19O	21	3	19O	21	4		0
19O	21	4	19O	21	5		0
19O	21	5	19O	21	6		0
19O	21	6	19O	21	7		0
19O	21	7	19O	21	8		0
19O	21	8	19O	21	9		0
19O	21	9	19O	21	10		0
19O	21	10	19O	21	11		0
19O	21	11	19O	21	12		0
19O	21	12	19O	21	13		0
19O	21	13	19O	21	14		0
19O	22	1	19O	22	1		0
19O	22	1	19O	22	2		0
19O	22	2	19O	22	3		0
19O	22	3	19O	22	4		0
19O	22	4	19O	22	5		0
19O	22	5	19O	22	6		0
19O	22	6	19O	22	7		0
19O	22	7	19O	22	8		0
19O	22	8	19O	22	9		0
19O	22	9	19O	22	10		0
19O	22	10	19O	22	11		0
19O	22	11	19O	22	12		0
19O	22	12	19O	22	13		0
19O	22	13	19O	22	14		0
19O	22	14	19O	22	15		0
19O	22	15	19O	22	16		0
19O	22	16	19O	22	17		0
19O	22	17	19O	22	18		0
19O	22	18	19O	22	19		0
19O	22	19	19O	22	20		0
19O	22	20	19O	22	21		0
19O	22	21	19O	22	22		0
19O	22	22	19O	22	23		0
19O	22	23	19O	22	24		0
19O	22	24	19O	22	25		0
19O	22	25	19O	22	26		0
19O	22	26	19O	22	27		0
19O	22	27	19O	22	28		0
19O	22	28	19O	22	29		0
19O	22	29	19O	22	30		0
19O	22	30	19O	22	31		0
19O	22	31	19O	22	32		0
19O	30	1	19O	30	1		0
19O	30	1	19O	30	2		0
19O	30	2	19O	30	3		0
19O	30	3	19O	30	4		0
19O	30	4	19O	30	5		0
19O	30	5	19O	30	6		0
19O	30	6	19O	30	7		0
19O	30	7	19O	30	8		0
19O	30	8	19O	30	9		0
19O	30	9	19O	30	10		0
19O	30	10	19O	30	11		0
19O	30	11	19O	30	12		0
19O	30	12	19O	30	13		0
19O	31	1	19O	31	1		0
19O	31	1	19O	31	2		0
19O	31	2	19O	31	3		0
19O	31	3	19O	31	4		0
19O	31	4	19O	31	5		0
19O	31	5	19O	31	6		0
19O	31	6	19O	31	7		0
19O	31	7	19O	31	8		0
19O	31	8	19O	31	9		0
19O	31	9	19O	31	10		0
19O	31	10	19O	31	11		0
19O	31	11	19O	31	12		0
19O	31	12	19O	31	13		0
19O	31	13	19O	31	14		0
19O	31	14	19O	31	15		0
19O	31	15	19O	31	16		0
19O	31	16	19O	31	17		0
19O	31	17	19O	31	18		0
19O	31	18	19O	31	19		0
19O	31	19	19O	31	20		0
19O	31	20	19O	31	21		0
19O	31	21	19O	31	22		0
19O	31	22	19O	31	23		0
19O	31	23	19O	31	24		0
19O	31	24	19O	31	25		0
19O	34	1	19O	34	1		0
19O	34	1	19O	34	2		0
19O	34	2	19O	34	3		0
19O	34	3	19O	34	4		0
19O	34	4	19O	34	5		0
19O	34	5	19O	34	6		0
19O	34	6	19O	34	7		0
19O	34	7	19O	34	8		0
19O	34	8	19O	34	9		0
19O	34	9	19O	34	10		0
19O	34	10	19O	34	11		0
19O	34	11	19O	34	12		0
19O	34	12	19O	34	13		0
19O	34	13	19O	34	14		0
19O	34	14	19O	34	15		0
19O	34	15	19O	34	16		0
19O	34	16	19O	34	17		0
19O	34	17	19O	34	18		0
19O	34	18	19O	34	19		0
19O	34	19	19O	34	20		0
19O	34	20	19O	34	21		0
19O	34	21	19O	34	22		0
19O	34	22	19O	34	23		0
19O	36	1	19O	36	1		0
19O	36	1	19O	36	2		0
19O	36	2	19O	36	3		0
19O	36	3	19O	36	4		0
19O	36	4	19O	36	5		0
19O	36	5	19O	36	6		0
19O	36	6	19O	36	7		0
19O	36	7	19O	36	8		0
19O	36	8	19O	36	9		0
19O	36	9	19O	36	10		0
19O	36	10	19O	36	11		0
19O	36	11	19O	36	12		0
19O	36	12	19O	36	13		0
19O	38	1	19O	38	1		0
19O	38	1	19O	38	2		0
19O	38	2	19O	38	3		0
19O	38	3	19O	38	4		0
19O	38	4	19O	38	5		0
19O	38	5	19O	38	6		0
19O	38	6	19O	38	7		0
19O	38	7	19O	38	8		0
19O	38	8	19O	38	9		0
19O	38	9	19O	38	10		0
19O	38	10	19O	38	11		0
19O	38	11	19O	38	12		0
19O	38	12	19O	38	13		0
19O	38	13	19O	38	14		0
19O	38	14	19O	38	15		0
19O	38	15	19O	38	16		0
19O	38	16	19O	38	17		0
19O	38	17	19O	38	18		0
19O	38	18	19O	38	19		0
19O	38	19	19O	38	20		0
19O	38	20	19O	38	21		0
19O	38	21	19O	38	22		0
19O	38	22	19O	38	23		0
19O	39	1	19O	39	1		0
19O	39	1	19O	39	2		0
19O	39	2	19O	39	3		0
19O	39	3	19O	39	4		0
19O	39	4	19O	39	5		0
19O	39	5	19O	39	6		0
19O	39	6	19O	39	7		0
19O	39	7	19O	39	8		0
19O	39	8	19O	39	9		0
19O	39	9	19O	39	10		0
19O	39	10	19O	39	11		0
19O	39	11	19O	39	12		0
19O	39	12	19O	39	13		0
19O	39	13	19O	39	14		0
19O	40	1	19O	40	1		0
19O	40	1	19O	40	2		0
19O	40	2	19O	40	3		0
19O	40	3	19O	40	4		0
19O	40	4	19O	40	5		0
19O	40	5	19O	40	6		0
19O	40	6	19O	40	7		0
19O	40	7	19O	40	8		0
19O	40	8	19O	40	9		0
19O	40	9	19O	40	10		0
19O	40	10	19O	40	11		0
19O	40	11	19O	40	12		0
19O	40	12	19O	40	13		0
19O	40	13	19O	40	14		0
19O	40	14	19O	40	15		0
19O	40	15	19O	40	16		0
19O	40	16	19O	40	17		0
19O	40	17	19O	40	18		0
19O	41	1	19O	41	1		0
19O	41	1	19O	41	2		0
19O	41	2	19O	41	3		0
19O	41	3	19O	41	4		0
19O	41	4	19O	41	5		0
19O	41	5	19O	41	6		0
19O	41	6	19O	41	7		0
19O	41	7	19O	41	8		0
19O	41	8	19O	41	9		0
19O	41	9	19O	41	10		0
19O	41	10	19O	41	11		0
19O	41	11	19O	41	12		0
19O	41	12	19O	41	13		0
19O	41	13	19O	41	14		0
19O	42	1	19O	42	1		0
19O	42	1	19O	42	2		0
19O	42	2	19O	42	3		0
19O	42	3	19O	42	4		0
19O	42	4	19O	42	5		0
19O	42	5	19O	42	6		0
19O	42	6	19O	42	7		0
19O	42	7	19O	42	8		0
19O	42	8	19O	42	9		0
19O	42	9	19O	42	10		0
19O	42	10	19O	42	11		0
19O	42	11	19O	42	12		0
19O	44	1	19O	44	1		0
19O	44	1	19O	44	2		0
19O	44	2	19O	44	3		0
19O	44	3	19O	44	4		0
19O	44	4	19O	44	5		0
19O	44	5	19O	44	6		0
19O	44	6	19O	44	7		0
19O	44	7	19O	44	8		0
19O	44	8	19O	44	9		0
19O	44	9	19O	44	10		0
19O	44	10	19O	44	11		0
19O	44	11	19O	44	12		0
19O	44	12	19O	44	13		0
19O	44	13	19O	44	14		0
19O	44	14	19O	44	15		0
19O	44	15	19O	44	16		0
19O	44	16	19O	44	17		0
19O	44	17	19O	44	18		0
19O	44	18	19O	44	19		0
19O	44	19	19O	44	20		0
19O	44	20	19O	44	21		0
19O	44	21	19O	44	22		0
19O	44	22	19O	44	23		0
19O	44	23	19O	44	24		0
19O	44	24	19O	44	25		0
19O	44	25	19O	44	26		0
19O	44	26	19O	44	27		0
19O	45	1	19O	45	1		0
19O	45	1	19O	45	2		0
19O	45	2	19O	45	3		0
19O	45	3	19O	45	4		0
19O	45	4	19O	45	5		0
19O	45	5	19O	45	6		0
19O	45	6	19O	45	7		0
19O	45	7	19O	45	8		0
19O	45	8	19O	45	9		0
19O	45	9	19O	45	10		0
19O	45	10	19O	45	11		0
19O	45	11	19O	45	12		0
19O	45	12	19O	45	13		0
19O	45	13	19O	45	14		0
19O	45	14	19O	45	15		0
19O	45	15	19O	45	16		0
19O	45	16	19O	45	17		0
19O	45	17	19O	45	18		0
19O	46	1	19O	46	1		0
19O	46	1	19O	46	2		0
19O	46	2	19O	46	3		0
19O	46	3	19O	46	4		0
19O	46	4	19O	46	5		0
19O	46	5	19O	46	6		0
19O	46	6	19O	46	7		0
19O	46	7	19O	46	8		0
19O	46	8	19O	46	9		0
19O	46	9	19O	46	10		0
19O	46	10	19O	46	11		0
19O	46	11	19O	46	12		0
19O	47	1	19O	47	1		0
19O	47	1	19O	47	2		0
19O	47	2	19O	47	3		0
19O	47	3	19O	47	4		0
19O	47	4	19O	47	5		0
19O	47	5	19O	47	6		0
19O	47	6	19O	47	7		0
19O	47	7	19O	47	8		0
19O	47	8	19O	47	9		0
19O	47	9	19O	47	10		0
19O	48	1	19O	48	1		0
19O	48	1	19O	48	2		0
19O	48	2	19O	48	3		0
19O	48	3	19O	48	4		0
19O	48	4	19O	48	5		0
19O	48	5	19O	48	6		0
19O	48	6	19O	48	7		0
19O	48	7	19O	48	8		0
19O	48	8	19O	48	9		0
19O	48	9	19O	48	10		0
19O	48	10	19O	48	11		0
19O	48	11	19O	48	12		0
19O	48	12	19O	48	13		0
19O	48	13	19O	48	14		0
19O	48	14	19O	48	15		0
19O	49	1	19O	49	1		0
19O	49	1	19O	49	2		0
19O	49	2	19O	49	3		0
19O	49	3	19O	49	4		0
19O	49	4	19O	49	5		0
19O	49	5	19O	49	6		0
19O	49	6	19O	49	7		0
19O	49	7	19O	49	8		0
19O	49	8	19O	49	9		0
19O	49	9	19O	49	10		0
19O	49	10	19O	49	11		0
19O	49	10	19O	49	21		0
19O	49	11	19O	49	12		0
19O	49	12	19O	49	13		0
19O	49	13	19O	49	14		0
19O	49	14	19O	49	15		0
19O	49	15	19O	49	16		0
19O	49	16	19O	49	17		0
19O	49	17	19O	49	18		0
19O	49	18	19O	49	19		0
19O	49	19	19O	49	20		0
19O	49	20	19O	49	21		0
19O	51	1	19O	51	1		0
19O	51	1	19O	51	2		0
19O	51	1	19O	51	3		0
19O	51	2	19O	51	4		0
19O	51	3	19O	51	5		0
19O	51	4	19O	51	6		0
19O	51	5	19O	51	7		0
19O	51	6	19O	51	8		0
19O	51	7	19O	51	9		0
19O	51	8	19O	51	10		0
19O	51	9	19O	51	11		0
19O	51	10	19O	51	12		0
19O	51	11	19O	51	13		0
19O	51	12	19O	51	14		0
19O	51	13	19O	51	15		0
19O	51	14	19O	51	16		0
19O	51	15	19O	51	17		0
19O	51	16	19O	51	18		0
19O	51	17	19O	51	19		0
19O	51	18	19O	51	20		0
19O	51	19	19O	51	21		0
19O	52	1	19O	52	1		0
19O	52	1	19O	52	2		0
19O	52	1	19O	52	3		0
19O	52	2	19O	52	4		0
19O	52	3	19O	52	5		0
19O	52	4	19O	52	6		0
19O	52	5	19O	52	7		0
19O	52	6	19O	52	8		0
19O	52	7	19O	52	9		0
19O	52	8	19O	52	10		0
19O	52	9	19O	52	11		0
19O	53	1	19O	53	1		0
19O	53	1	19O	53	2		0
19O	53	2	19O	53	3		0
19O	53	3	19O	53	4		0
19O	53	4	19O	53	5		0
19O	53	5	19O	53	6		0
19O	53	6	19O	53	7		0
19O	54	1	19O	54	1		0
19O	54	1	19O	54	2		0
19O	54	2	19O	54	3		0
19O	54	3	19O	54	4		0
19O	54	4	19O	54	5		0
19O	54	5	19O	54	6		0
19O	54	6	19O	54	7		0
19O	54	7	19O	54	8		0
19O	54	8	19O	54	9		0
19O	55	1	19O	55	1		0
19O	55	1	19O	55	2		0
19O	55	2	19O	55	3		0
19O	55	3	19O	55	4		0
19O	55	4	19O	55	5		0
19O	55	5	19O	55	6		0
19O	55	6	19O	55	7		0
19O	55	7	19O	55	8		0
19O	55	8	19O	55	9		0
19O	55	9	19O	55	10		0
19O	55	10	19O	55	11		0
19O	55	11	19O	55	12		0
19O	55	12	19O	55	13		0
19O	55	13	19O	55	14		0
19O	55	14	19O	55	15		0
19O	55	15	19O	55	16		0
19O	55	16	19O	55	17		0
19O	55	17	19O	55	18		0
19O	55	18	19O	55	19		0
19O	55	19	19O	55	20		0
19O	55	20	19O	55	21		0
19O	55	21	19O	55	22		0
19O	55	22	19O	55	23		0
19O	55	23	19O	55	24		0
19O	56	1	19O	56	1		0
19O	56	1	19O	56	2		0
19O	56	2	19O	56	3		0
19O	56	3	19O	56	4		0
19O	56	4	19O	56	5		0
19O	56	5	19O	56	6		0
19O	56	6	19O	56	7		0
19O	56	7	19O	56	8		0
19O	56	8	19O	56	9		0
19O	56	9	19O	56	10		0
19O	56	10	19O	56	11		0
19O	56	11	19O	56	12		0
19O	56	12	19O	56	13		0
19O	56	13	19O	56	14		0
19O	57	1	19O	57	1		0
19O	57	1	19O	57	2		0
19O	57	2	19O	57	3		0
19O	57	3	19O	57	4		0
19O	57	4	19O	57	5		0
19O	57	5	19O	57	6		0
19O	57	6	19O	57	7		0
19O	57	7	19O	57	8		0
19O	57	8	19O	57	9		0
19O	57	9	19O	57	10		0
19O	57	10	19O	57	11		0
19O	57	11	19O	57	12		0
19O	58	1	19O	58	1		0
19O	58	1	19O	58	2		0
19O	58	2	19O	58	3		0
19O	58	3	19O	58	4		0
19O	58	4	19O	58	5		0
19O	58	5	19O	58	6		0
19O	58	6	19O	58	7		0
19O	58	7	19O	58	8		0
19O	58	8	19O	58	9		0
19O	58	9	19O	58	10		0
19O	58	10	19O	58	11		0
19O	58	11	19O	58	12		0
19O	59	1	19O	59	1		0
19O	59	1	19O	59	2		0
19O	59	2	19O	59	3		0
19O	59	3	19O	59	4		0
19O	59	4	19O	59	5		0
19O	59	5	19O	59	6		0
19O	59	6	19O	59	7		0
19O	59	7	19O	59	8		0
19O	59	8	19O	59	9		0
19O	59	9	19O	59	10		0
19O	59	10	19O	59	11		0
19O	59	11	19O	59	12		0
19O	59	12	19O	59	13		0
19O	59	13	19O	59	14		0
19O	59	14	19O	59	15		0
19O	59	15	19O	59	16		0
19O	59	16	19O	59	17		0
19O	59	17	19O	59	18		0
19O	60	1	19O	60	1		0
19O	60	1	19O	60	2		0
19O	60	1	19O	60	3		0
19O	60	2	19O	60	4		0
19O	60	3	19O	60	5		0
19O	60	4	19O	60	6		0
19O	60	5	19O	60	7		0
19O	60	6	19O	60	8		0
19O	60	7	19O	60	9		0
19O	60	8	19O	60	10		0
19O	60	9	19O	60	11		0
19O	60	10	19O	60	12		0
19O	60	11	19O	60	13		0
19O	60	12	19O	60	14		0
19O	61	1	19O	61	1		0
19O	61	1	19O	61	2		0
19O	61	2	19O	61	3		0
19O	61	3	19O	61	4		0
19O	61	4	19O	61	5		0
19O	61	5	19O	61	6		0
19O	61	6	19O	61	7		0
19O	61	7	19O	61	8		0
19O	61	8	19O	61	9		0
19O	62	1	19O	62	1		0
19O	62	1	19O	62	2		0
19O	62	2	19O	62	3		0
19O	62	3	19O	62	4		0
19O	62	4	19O	62	5		0
19O	62	5	19O	62	6		0
19O	62	6	19O	62	7		0
19O	62	7	19O	62	8		0
19O	62	8	19O	62	9		0
19O	62	9	19O	62	10		0
19O	62	10	19O	62	11		0
19O	62	11	19O	62	12		0
19O	62	12	19O	62	13		0
19O	63	1	19O	63	1		0
19O	63	1	19O	63	2		0
19O	63	2	19O	63	3		0
19O	63	3	19O	63	4		0
19O	63	4	19O	63	5		0
19O	63	5	19O	63	6		0
19O	63	6	19O	63	7		0
19O	63	7	19O	63	8		0
19O	63	8	19O	63	9		0
19O	63	9	19O	63	10		0
19O	63	10	19O	63	11		0
19O	63	11	19O	63	12		0
19O	64	1	19O	64	1		0
19O	64	1	19O	64	2		0
19O	64	2	19O	64	3		0
19O	64	3	19O	64	4		0
19O	64	4	19O	64	5		0
19O	64	5	19O	64	6		0
19O	64	6	19O	64	7		0
19O	64	7	19O	64	8		0
19O	64	8	19O	64	9		0
19O	64	9	19O	64	10		0
19O	64	10	19O	64	11		0
19O	65	1	19O	65	1		0
19O	65	1	19O	65	2		0
19O	65	2	19O	65	3		0
19O	65	3	19O	65	4		0
19O	65	4	19O	65	5		0
19O	65	5	19O	65	6		0
19O	65	6	19O	65	7		0
19O	65	7	19O	65	8		0
19O	65	8	19O	65	9		0
19O	65	9	19O	65	10		0
19O	65	10	19O	65	11		0
19O	65	11	19O	65	12		0
19O	65	12	19O	65	13		0
19O	65	13	19O	65	14		0
19O	67	1	19O	67	1		0
19O	67	1	19O	67	2		0
19O	67	2	19O	67	3		0
19O	67	3	19O	67	4		0
19O	67	4	19O	67	5		0
19O	67	5	19O	67	6		0
19O	67	6	19O	67	7		0
19O	67	7	19O	67	8		0
19O	68	1	19O	68	1		0
19O	68	1	19O	68	2		0
19O	68	2	19O	68	3		0
19O	68	3	19O	68	4		0
19O	68	4	19O	68	5		0
19O	68	5	19O	68	6		0
19O	68	6	19O	68	7		0
19O	68	7	19O	68	8		0
19O	68	8	19O	68	9		0
19O	68	9	19O	68	10		0
19O	68	10	19O	68	11		0
19O	68	11	19O	68	12		0
19O	68	12	19O	68	13		0
19O	68	13	19O	68	14		0
19O	68	14	19O	68	15		0
19O	68	15	19O	68	16		0
19O	68	16	19O	68	17		0
19O	68	17	19O	68	18		0
19O	68	18	19O	68	19		0
19O	68	19	19O	68	20		0
19O	68	20	19O	68	21		0
19O	68	21	19O	68	22		0
19O	68	22	19O	68	23		0
19O	68	23	19O	68	24		0
19O	68	24	19O	68	25		0
19O	68	25	19O	68	26		0
19O	68	26	19O	68	27		0
19O	68	27	19O	68	28		0
19O	68	28	19O	68	29		0
19O	68	29	19O	68	30		0
19O	68	30	19O	68	31		0
19O	68	31	19O	68	32		0
19O	68	32	19O	68	33		0
19O	68	33	19O	68	34		0
19O	68	34	19O	68	35		0
19O	68	35	19O	68	36		0
19O	69	1	19O	69	1		0
19O	69	1	19O	69	2		0
19O	69	2	19O	69	3		0
19O	69	3	19O	69	4		0
19O	69	4	19O	69	5		0
19O	69	5	19O	69	6		0
19O	69	6	19O	69	7		0
19O	69	7	19O	69	8		0
19O	69	8	19O	69	9		0
19O	69	9	19O	69	10		0
19O	69	10	19O	69	11		0
19O	69	11	19O	69	12		0
19O	69	12	19O	69	13		0
19O	69	13	19O	69	14		0
19O	69	14	19O	69	15		0
19O	69	15	19O	69	16		0
19O	69	16	19O	69	17		0
19O	69	17	19O	69	18		0
19O	69	18	19O	69	19		0
19O	69	19	19O	69	20		0
19O	69	20	19O	69	21		0
19O	69	21	19O	69	22		0
19O	69	22	19O	69	23		0
19O	69	23	19O	69	24		0
19O	69	24	19O	69	25		0
19O	69	25	19O	69	26		0
19O	69	26	19O	69	27		0
19O	69	27	19O	69	28		0
19O	69	28	19O	69	29		0
19O	69	29	19O	69	30		0
19O	69	30	19O	69	31		0
19O	69	31	19O	69	32		0
19O	69	32	19O	69	33		0
19O	69	33	19O	69	34		0
19O	69	34	19O	69	35		0
19O	69	35	19O	69	36		0
19O	69	36	19O	69	37		0
19O	70	1	19O	70	1		0
19O	70	1	19O	70	2		0
19O	70	2	19O	70	3		0
19O	70	3	19O	70	4		0
19O	70	4	19O	70	5		0
19O	70	5	19O	70	6		0
19O	75	1	19O	75	1		0
19O	75	1	19O	75	2		0
19O	75	2	19O	75	3		0
19O	75	3	19O	75	4		0
19O	75	4	19O	75	5		0
19O	75	5	19O	75	6		0
19O	75	6	19O	75	7		0
19O	75	7	19O	75	8		0
19O	75	8	19O	75	9		0
19O	75	9	19O	75	10		0
19O	75	10	19O	75	11		0
19O	76	1	19O	76	1		0
19O	76	1	19O	76	2		0
19O	76	2	19O	76	3		0
19O	76	3	19O	76	4		0
19O	76	4	19O	76	5		0
19O	76	5	19O	76	6		0
19O	76	6	19O	76	7		0
19O	76	7	19O	76	8		0
19O	76	8	19O	76	9		0
19O	76	9	19O	76	10		0
19O	76	10	19O	76	11		0
19O	76	11	19O	76	12		0
19O	76	12	19O	76	13		0
19O	77	1	19O	77	1		0
19O	77	1	19O	77	2		0
19O	77	2	19O	77	3		0
19O	77	3	19O	77	4		0
19O	77	4	19O	77	5		0
19O	77	5	19O	77	6		0
19O	77	6	19O	77	7		0
19O	77	7	19O	77	8		0
19O	77	8	19O	77	9		0
19O	77	9	19O	77	10		0
19O	77	10	19O	77	11		0
19O	77	10	19O	77	21		0
19O	77	11	19O	77	12		0
19O	77	12	19O	77	13		0
19O	77	13	19O	77	14		0
19O	77	14	19O	77	15		0
19O	77	15	19O	77	16		0
19O	77	16	19O	77	17		0
19O	77	17	19O	77	18		0
19O	77	18	19O	77	19		0
19O	77	19	19O	77	20		0
19O	77	20	19O	77	21		0
19O	80	1	19O	80	1		0
19O	80	1	19O	80	2		0
19O	80	2	19O	80	3		0
19O	80	3	19O	80	4		0
19O	80	4	19O	80	5		0
19O	80	5	19O	80	6		0
19O	80	6	19O	80	7		0
19O	80	7	19O	80	8		0
19O	80	8	19O	80	9		0
19O	80	9	19O	80	10		0
19O	80	10	19O	80	11		0
19O	80	11	19O	80	12		0
19O	80	12	19O	80	13		0
19O	80	13	19O	80	14		0
19O	80	14	19O	80	15		0
19O	80	15	19O	80	16		0
19O	80	16	19O	80	17		0
19O	80	17	19O	80	18		0
19O	80	18	19O	80	19		0
19O	80	19	19O	80	20		0
19O	81	1	19O	81	1		0
19O	81	1	19O	81	2		0
19O	81	2	19O	81	3		0
19O	81	3	19O	81	4		0
19O	81	4	19O	81	5		0
19O	81	5	19O	81	6		0
19O	81	6	19O	81	7		0
19O	81	7	19O	81	8		0
19O	81	8	19O	81	9		0
19O	81	9	19O	81	10		0
19O	81	10	19O	81	11		0
19O	81	11	19O	81	12		0
19O	81	12	19O	81	13		0
19O	81	13	19O	81	14		0
19O	81	14	19O	81	15		0
19O	81	15	19O	81	16		0
19O	81	16	19O	81	17		0
19O	83	1	19O	83	1		0
19O	83	1	19O	83	2		0
19O	83	2	19O	83	3		0
19O	83	3	19O	83	4		0
19O	83	4	19O	83	5		0
19O	83	5	19O	83	6		0
19O	83	6	19O	83	7		0
19O	83	7	19O	83	8		0
19O	83	8	19O	83	9		0
19O	83	9	19O	83	10		0
19O	83	10	19O	83	11		0
19O	83	11	19O	83	12		0
19O	83	12	19O	83	13		0
19O	83	13	19O	83	14		0
19O	83	14	19O	83	15		0
19O	83	15	19O	83	16		0
19O	83	16	19O	83	17		0
19O	83	17	19O	83	18		0
19O	83	18	19O	83	19		0
19O	84	1	19O	84	1		0
19O	84	1	19O	84	2		0
19O	84	2	19O	84	3		0
19O	84	3	19O	84	4		0
19O	84	4	19O	84	5		0
19O	84	5	19O	84	6		0
19O	84	6	19O	84	7		0
19O	84	7	19O	84	8		0
19O	84	8	19O	84	9		0
19O	84	9	19O	84	10		0
19O	84	10	19O	84	11		0
19O	84	11	19O	84	12		0
19O	84	12	19O	84	13		0
19O	84	13	19O	84	13		0
19O	85	1	19O	85	1		0
19O	85	1	19O	85	2		0
19O	85	2	19O	85	3		0
19O	85	3	19O	85	4		0
19O	85	4	19O	85	5		0
19O	85	5	19O	85	6		0
19O	85	6	19O	85	7		0
19O	85	7	19O	85	8		0
19O	85	8	19O	85	9		0
19O	85	9	19O	85	10		0
19O	85	10	19O	85	11		0
19O	85	11	19O	85	12		0
19O	85	12	19O	85	13		0
19O	85	13	19O	85	14		0
19O	85	14	19O	85	14		0
19O	88	1	19O	88	1		0
19O	88	1	19O	88	2		0
19O	88	2	19O	88	3		0
19O	88	3	19O	88	4		0
19O	88	4	19O	88	5		0
19O	88	5	19O	88	6		0
19O	88	6	19O	88	7		0
19O	88	7	19O	88	8		0
19O	88	8	19O	88	9		0
19O	88	9	19O	88	10		0
19O	88	10	19O	88	11		0
19O	88	11	19O	88	12		0
19O	88	12	19O	88	13		0
19O	88	13	19O	88	14		0
19O	88	14	19O	88	15		0
19O	88	15	19O	88	16		0
19O	88	16	19O	88	17		0
19O	88	17	19O	88	18		0
19O	88	18	19O	88	19		0
19O	89	1	19O	89	1		0
19O	89	1	19O	89	2		0
19O	89	2	19O	89	3		0
19O	89	3	19O	89	4		0
19O	89	4	19O	89	5		0
19O	89	5	19O	89	6		0
19O	89	6	19O	89	7		0
19O	89	7	19O	89	8		0
19O	89	8	19O	89	9		0
19O	89	9	19O	89	10		0
19O	89	10	19O	89	11		0
19O	89	11	19O	89	12		0
19O	89	12	19O	89	13		0
19O	89	13	19O	89	14		0
19O	89	14	19O	89	15		0
19O	89	15	19O	89	16		0
19O	89	16	19O	89	17		0
19O	89	17	19O	89	18		0
19O	89	18	19O	89	19		0
19O	89	19	19O	89	20		0
19O	89	20	19O	89	21		0
19O	89	21	19O	89	22		0
19O	89	22	19O	89	23		0
19O	89	23	19O	89	24		0
19O	89	24	19O	89	25		0
19O	89	25	19O	89	26		0
19O	89	26	19O	89	27		0
19O	89	27	19O	89	28		0
19O	89	28	19O	89	29		0
19O	89	29	19O	89	30		0
19O	89	30	19O	89	31		0
19O	89	31	19O	89	32		0
19O	89	32	19O	89	33		0
19O	89	33	19O	89	34		0
19O	89	34	19O	89	35		0
19O	89	35	19O	89	36		0
19O	89	36	19O	89	37		0
19O	89	37	19O	89	38		0
19O	89	38	19O	89	39		0
19O	89	39	19O	89	40		0
19O	89	40	19O	89	41		0
19O	89	41	19O	89	42		0
19O	89	42	19O	89	43		0
19O	89	43	19O	89	44		0
19O	89	44	19O	89	45		0
19O	89	45	19O	89	46		0
19O	89	46	19O	89	47		0
19O	89	47	19O	89	48		0
19O	89	48	19O	89	49		0
19O	89	49	19O	89	50		0
19O	89	50	19O	89	51		0
19O	89	51	19O	89	52		0
19O	89	52	19O	89	53		0
19O	92	1	19O	92	1		0
19O	92	1	19O	92	2		0
19O	92	2	19O	92	3		0
19O	92	3	19O	92	4		0
19O	92	4	19O	92	5		0
19O	92	5	19O	92	6		0
19O	92	6	19O	92	7		0
19O	92	7	19O	92	8		0
19O	92	8	19O	92	9		0
19O	92	9	19O	92	10		0
19O	92	10	19O	92	11		0
19O	92	11	19O	92	12		0
19O	92	12	19O	92	13		0
19O	92	13	19O	92	14		0
19O	92	14	19O	92	15		0
19O	92	15	19O	92	16		0
19O	102	1	19O	102	1		0
19O	102	1	19O	102	2		0
19O	102	2	19O	102	3		0
19O	102	3	19O	102	4		0
19O	102	4	19O	102	5		0
19O	102	5	19O	102	6		0
19O	102	6	19O	102	7		0
19O	102	7	19O	102	8		0
19O	102	8	19O	102	9		0
19O	102	9	19O	102	10		0
19O	102	10	19O	102	11		0
19O	102	11	19O	102	12		0
19O	102	12	19O	102	13		0
19O	102	13	19O	102	14		0
19O	102	14	19O	102	15		0
19O	102	15	19O	102	16		0
19O	102	16	19O	102	17		0
19O	102	17	19O	102	18		0
19O	102	18	19O	102	19		0
19O	102	19	19O	102	20		0
19O	102	20	19O	102	21		0
19O	102	21	19O	102	22		0
19O	102	22	19O	102	23		0
19O	102	23	19O	102	24		0
19O	102	24	19O	102	25		0
19O	102	25	19O	102	26		0
19O	102	26	19O	102	27		0
19O	102	27	19O	102	28		0
19O	102	28	19O	102	29		0
19O	108	1	19O	108	1		0
19O	108	1	19O	108	2		0
19O	108	2	19O	108	3		0
19O	108	3	19O	108	4		0
19O	108	4	19O	108	5		0
19O	108	5	19O	108	6		0
19O	108	6	19O	108	7		0
19O	108	7	19O	108	8		0
19O	108	8	19O	108	9		0
19O	108	9	19O	108	10		0
19O	108	10	19O	108	11		0
19O	108	11	19O	108	12		0
19O	108	12	19O	108	13		0
19O	108	13	19O	108	14		0
19O	140	1	19O	140	1		0
19O	140	1	19O	140	2		0
19O	140	2	19O	140	3		0
19O	140	3	19O	140	4		0
19O	140	4	19O	140	5		0
19O	140	5	19O	140	6		0
19O	140	6	19O	140	7		0
19O	140	7	19O	140	8		0
19O	140	8	19O	140	9		0
19O	140	9	19O	140	10		0
19O	140	10	19O	140	11		0
19O	140	11	19O	140	12		0
19O	140	12	19O	140	13		0
19O	140	13	19O	140	14		0
19O	142	1	19O	142	1		0
19O	142	1	19O	142	2		0
19O	142	2	19O	142	3		0
19O	142	3	19O	142	4		0
19O	142	4	19O	142	5		0
19O	142	5	19O	142	6		0
19O	142	6	19O	142	7		0
19O	142	7	19O	142	8		0
21O	5	1	21O	4	17		0
21O	5	2	21O	5	1		0
21O	5	3	21O	5	2		0
21O	5	4	21O	5	3		0
21O	5	5	21O	5	4		0
21O	5	6	21O	5	5		0
21O	5	7	21O	5	6		0
21O	5	8	21O	5	7		0
21O	5	9	21O	5	8		0
21O	5	10	21O	5	9		0
21O	5	11	21O	5	10		0
21O	5	12	21O	5	11		0
21O	5	13	21O	5	12		0
21O	5	14	21O	5	13		0
21O	5	15	21O	5	14		0
21O	5	16	21O	5	15		0
21O	5	17	21O	5	16		0
21O	5	18	21O	5	17		0
21O	5	19	21O	5	18		0
21O	5	20	21O	5	19		0
22O	6	13	22O	7	1		0
22O	7	1	22O	7	2		0
22O	7	2	22O	7	3		0
22O	7	3	22O	7	4		0
22O	7	4	22O	7	5		0
22O	7	5	22O	7	6		0
22O	7	6	22O	7	7		0
22O	7	7	22O	7	8		0
22O	7	8	22O	7	9		0
22O	7	9	22O	7	10		0
22O	7	10	22O	7	11		0
22O	7	11	22O	7	12		0
22O	7	12	22O	7	13		0
22O	7	13	22O	7	14		0
23O	9	1	23O	8	23		0
23O	9	2	23O	9	1		0
23O	9	3	23O	9	2		0
23O	9	4	23O	9	3		0
23O	9	5	23O	9	4		0
23O	9	6	23O	9	5		0
23O	9	7	23O	9	6		0
23O	9	8	23O	9	7		0
23O	9	9	23O	9	8		0
23O	9	10	23O	9	9		0
23O	9	11	23O	9	10		0
23O	9	12	23O	9	11		0
23O	9	13	23O	9	12		0
23O	9	14	23O	9	13		0
23O	9	15	23O	9	14		0
23O	9	16	23O	9	15		0
23O	9	17	23O	9	16		0
23O	9	18	23O	9	17		0
23O	9	19	23O	9	18		0
23O	9	20	23O	9	19		0
23O	9	21	23O	9	20		0
23O	63	19	23O	63	19		0
23O	64	1	23O	63	19		0
23O	64	2	23O	64	1		0
23O	64	3	23O	64	2		0
23O	64	4	23O	64	3		0
23O	64	5	23O	64	4		0
23O	64	6	23O	64	5		0
23O	64	7	23O	64	6		0
23O	64	8	23O	64	7		0
23O	64	9	23O	64	8		0
23O	64	10	23O	64	9		0
23O	64	11	23O	64	10		0
23O	64	12	23O	64	11		0
24O	9	1	24O	8	23		0
24O	9	2	24O	9	1		0
24O	9	3	24O	9	2		0
24O	9	4	24O	9	3		0
24O	9	5	24O	9	4		0
24O	9	6	24O	9	5		0
24O	9	7	24O	9	6		0
24O	9	8	24O	9	7		0
24O	9	9	24O	9	8		0
24O	9	10	24O	9	9		0
24O	9	11	24O	9	10		0
24O	9	12	24O	9	11		0
24O	9	13	24O	9	12		0
24O	9	14	24O	9	13		0
24O	9	15	24O	9	14		0
24O	9	16	24O	9	15		0
24O	9	17	24O	9	16		0
24O	9	18	24O	9	17		0
24O	9	19	24O	9	18		0
24O	9	20	24O	9	19		0
24O	9	21	24O	9	20		0
24O	9	22	24O	9	21		0
24O	9	23	24O	9	22		0
24O	9	24	24O	9	23		0
24O	9	25	24O	9	24		0
24O	9	26	24O	9	25		0
26O	20	45	26O	21	1		0
26O	20	46	26O	21	2		0
26O	20	47	26O	21	3		0
26O	20	48	26O	21	4		0
26O	20	49	26O	21	5		0
26O	21	1	26O	21	6		0
26O	21	2	26O	21	7		0
26O	21	3	26O	21	8		0
26O	21	4	26O	21	9		0
26O	21	5	26O	21	10		0
26O	21	6	26O	21	11		0
26O	21	7	26O	21	12		0
26O	21	8	26O	21	13		0
26O	21	9	26O	21	14		0
26O	21	10	26O	21	15		0
26O	21	11	26O	21	16		0
26O	21	12	26O	21	17		0
26O	21	13	26O	21	18		0
26O	21	14	26O	21	19		0
26O	21	15	26O	21	20		0
26O	21	16	26O	21	21		0
26O	21	17	26O	21	22		0
26O	21	18	26O	21	23		0
26O	21	19	26O	21	24		0
26O	21	20	26O	21	25		0
26O	21	21	26O	21	26		0
26O	21	22	26O	21	27		0
26O	21	23	26O	21	28		0
26O	21	24	26O	21	29		0
26O	21	25	26O	21	30		0
26O	21	26	26O	21	31		0
26O	21	27	26O	21	32		0
26O	21	28	26O	21	33		0
26O	21	29	26O	21	34		0
26O	21	30	26O	21	35		0
26O	21	31	26O	21	36		0
26O	21	32	26O	21	37		0
27O	4	1	27O	3	31		0
27O	4	2	27O	3	32		0
27O	4	3	27O	3	33		0
27O	4	4	27O	4	1		0
27O	4	5	27O	4	2		0
27O	4	6	27O	4	3		0
27O	4	7	27O	4	4		0
27O	4	8	27O	4	5		0
27O	4	9	27O	4	6		0
27O	4	10	27O	4	7		0
27O	4	11	27O	4	8		0
27O	4	12	27O	4	9		0
27O	4	13	27O	4	10		0
27O	4	14	27O	4	11		0
27O	4	15	27O	4	12		0
27O	4	16	27O	4	13		0
27O	4	17	27O	4	14		0
27O	4	18	27O	4	15		0
27O	4	19	27O	4	16		0
27O	4	20	27O	4	17		0
27O	4	21	27O	4	18		0
27O	4	22	27O	4	19		0
27O	4	23	27O	4	20		0
27O	4	24	27O	4	21		0
27O	4	25	27O	4	22		0
27O	4	26	27O	4	23		0
27O	4	27	27O	4	24		0
27O	4	28	27O	4	25		0
27O	4	29	27O	4	26		0
27O	4	30	27O	4	27		0
27O	4	31	27O	4	28		0
27O	4	32	27O	4	29		0
27O	4	33	27O	4	30		0
27O	4	34	27O	4	31		0
27O	4	35	27O	4	32		0
27O	4	36	27O	4	33		0
27O	4	37	27O	4	34		0
27O	5	31	27O	6	1		0
27O	6	1	27O	6	2		0
27O	6	2	27O	6	3		0
27O	6	3	27O	6	4		0
27O	6	4	27O	6	5		0
27O	6	5	27O	6	6		0
27O	6	6	27O	6	7		0
27O	6	7	27O	6	8		0
27O	6	8	27O	6	9		0
27O	6	9	27O	6	10		0
27O	6	10	27O	6	11		0
27O	6	11	27O	6	12		0
27O	6	12	27O	6	13		0
27O	6	13	27O	6	14		0
27O	6	14	27O	6	15		0
27O	6	15	27O	6	16		0
27O	6	16	27O	6	17		0
27O	6	17	27O	6	18		0
27O	6	18	27O	6	19		0
27O	6	19	27O	6	20		0
27O	6	20	27O	6	21		0
27O	6	21	27O	6	22		0
27O	6	22	27O	6	23		0
27O	6	23	27O	6	24		0
27O	6	24	27O	6	25		0
27O	6	25	27O	6	26		0
27O	6	26	27O	6	27		0
27O	6	27	27O	6	28		0
27O	6	28	27O	6	29		0
28O	1	10	28O	2	1		0
28O	1	11	28O	2	2		0
28O	2	1	28O	2	3		0
28O	2	2	28O	2	4		0
28O	2	3	28O	2	5		0
28O	2	4	28O	2	6		0
28O	2	5	28O	2	7		0
28O	2	6	28O	2	8		0
28O	2	7	28O	2	9		0
28O	2	8	28O	2	10		0
28O	2	9	28O	2	11		0
28O	2	10	28O	2	12		0
28O	2	11	28O	2	13		0
28O	2	12	28O	2	14		0
28O	2	13	28O	2	15		0
28O	2	14	28O	2	16		0
28O	2	15	28O	2	17		0
28O	2	16	28O	2	18		0
28O	2	17	28O	2	19		0
28O	2	18	28O	2	20		0
28O	2	19	28O	2	21		0
28O	2	20	28O	2	22		0
28O	2	21	28O	2	23		0
28O	2	22	28O	2	24		0
28O	2	23	28O	2	25		0
28O	11	12	28O	12	1		0
28O	12	1	28O	12	2		0
28O	12	2	28O	12	3		0
28O	12	3	28O	12	4		0
28O	12	4	28O	12	5		0
28O	12	5	28O	12	6		0
28O	12	6	28O	12	7		0
28O	12	7	28O	12	8		0
28O	12	8	28O	12	9		0
28O	12	9	28O	12	10		0
28O	12	10	28O	12	11		0
28O	12	11	28O	12	12		0
28O	12	12	28O	12	13		0
28O	12	13	28O	12	14		0
28O	12	14	28O	12	15		0
28O	13	16	28O	14	1		0
28O	14	1	28O	14	2		0
28O	14	2	28O	14	3		0
28O	14	3	28O	14	4		0
28O	14	4	28O	14	5		0
28O	14	5	28O	14	6		0
28O	14	6	28O	14	7		0
28O	14	7	28O	14	8		0
28O	14	8	28O	14	9		0
28O	14	9	28O	14	10		0
29O	2	28	29O	3	1		0
29O	2	29	29O	3	2		0
29O	2	30	29O	3	3		0
29O	2	31	29O	3	4		0
29O	2	32	29O	3	5		0
29O	3	1	29O	4	1		0
29O	3	2	29O	4	2		0
29O	3	3	29O	4	3		0
29O	3	4	29O	4	4		0
29O	3	5	29O	4	5		0
29O	3	6	29O	4	6		0
29O	3	7	29O	4	7		0
29O	3	8	29O	4	8		0
29O	3	9	29O	4	9		0
29O	3	10	29O	4	10		0
29O	3	11	29O	4	11		0
29O	3	12	29O	4	12		0
29O	3	13	29O	4	13		0
29O	3	14	29O	4	14		0
29O	3	15	29O	4	15		0
29O	3	16	29O	4	16		0
29O	3	17	29O	4	17		0
29O	3	18	29O	4	18		0
29O	3	19	29O	4	19		0
29O	3	20	29O	4	20		0
29O	3	21	29O	4	21		0
32O	1	17	32O	2	1		0
32O	2	1	32O	2	2		0
32O	2	2	32O	2	3		0
32O	2	3	32O	2	4		0
32O	2	4	32O	2	5		0
32O	2	5	32O	2	6		0
32O	2	6	32O	2	7		0
32O	2	7	32O	2	8		0
32O	2	8	32O	2	9		0
32O	2	9	32O	2	10		0
32O	2	10	32O	2	11		0
33O	5	1	33O	4	14		0
33O	5	2	33O	5	1		0
33O	5	3	33O	5	2		0
33O	5	4	33O	5	3		0
33O	5	5	33O	5	4		0
33O	5	6	33O	5	5		0
33O	5	7	33O	5	6		0
33O	5	8	33O	5	7		0
33O	5	9	33O	5	8		0
33O	5	10	33O	5	9		0
33O	5	11	33O	5	10		0
33O	5	12	33O	5	11		0
33O	5	13	33O	5	12		0
33O	5	14	33O	5	13		0
33O	5	15	33O	5	14		0
34O	1	15	34O	2	1		0
34O	2	1	34O	2	2		0
34O	2	2	34O	2	3		0
34O	2	3	34O	2	4		0
34O	2	4	34O	2	5		0
34O	2	5	34O	2	6		0
34O	2	6	34O	2	7		0
34O	2	7	34O	2	8		0
34O	2	8	34O	2	9		0
34O	2	9	34O	2	10		0
34O	2	10	34O	2	11		0
34O	2	11	34O	2	12		0
34O	2	12	34O	2	13		0
34O	2	13	34O	2	14		0
38O	1	18	38O	2	1		0
38O	1	19	38O	2	2		0
38O	1	20	38O	2	3		0
38O	1	21	38O	2	4		0
38O	2	1	38O	2	5		0
38O	2	2	38O	2	6		0
38O	2	3	38O	2	7		0
38O	2	4	38O	2	8		0
38O	2	5	38O	2	9		0
38O	2	6	38O	2	10		0
38O	2	7	38O	2	11		0
38O	2	8	38O	2	12		0
38O	2	9	38O	2	13		0
38O	2	10	38O	2	14		0
38O	2	11	38O	2	15		0
38O	2	12	38O	2	16		0
38O	2	13	38O	2	17		0
39O	4	1	39O	3	19		0
39O	4	2	39O	3	20		0
39O	4	3	39O	3	21		0
39O	4	4	39O	3	22		0
39O	4	5	39O	3	23		0
39O	4	6	39O	3	24		0
